3343336703
3926625915
3662361634
3346587036
3429555378
3923561698
3355482242
3285738953
3407765836
3298477160
3298731240
3480046608
3283730449
3469810356
3426723673
3405812400
3491725449
3398557466
3891781126
3471710109
3519422269
3331684582
3381586262
3403096581
3334048568
3474150248
3396545266
3273320985
3487737621
3898839239
3393639958
3701174075
3473636640
3493175340
3496561379
3358396508
3461476719
3479653443
3920913767
3426012949
3332568636
3479474705
3487517561
3202107922
3664442514
3206985636
3272841326
3421663606
3664563246
3288147870
3405612303
3711653174
3391456859
3314734475
3472167404
3314080641
3891220470
3391308190
3773837312
3394401242
3420960471
3896645466
3271056749
3296762024
3498694518
3346111021
3894389839
3494557254
3407170448
3475570459
3336139682
3338915426
3894352309
3382044739
3393643784
3493724031
3271040254
3275625500
3334865351
3665491800
3920160651
3318261918
3276638519
3388131518
3518772953
3348478831
3334155782
3200872418
3271919164
3441568255
3288532589
3474314727
3791901776
3332989229
3395050722
3917290625
3495687133
3284507885
3500920440
3755731057
3389213832
3896697558
3895829841
3450229556
3388476845
3406832112
3473655445
3287624450
3469526233
3357565798
3312778290
3293720492
3293780736
3392917476
3288873891
3291106034
3471324933
3248373868
3294191464
3285477509
3406508312
3206981160
3282463415
3391598990
3315719590
3459434350
3456015282
3296054955
3661538730
3493445406
3343224221
3342977778
3293794197
3512843736
3274604934
3892452039
3668188049
3493270366
3394411614
3775904042
3492636269
3383985465
3510870750
3924027711
3482855976
3479509517
3345767000
3932353670
3285437249
3713919870
3338054364
3488760130
3334846818
3396334132
3486596116
3468569006
3290757502
3293073210
3472503114
3473732254
3804959656
3346238986
3289437015
3668633624
3518643188
3397508892
3409701065
3280362823
3482369400
3713702618
3466926327
3383671899
3493137158
3925241359
3803115862
3313645153
3459634929
3476620365
3311893190
3495026293
3400918475
3384825933
3791700784
3713047040
3397081528
3791257165
3802030913
3890456699
3246052918
3455197333
3889271246
3515588314
3923408362
3791944804
3339638331
3314279793
3296041098
3711463667
3248966143
3891955866
3246298686
3475106069
3533415842
3932186019
3534058577
3341177320
3286983416
3429905891
3208030089
3388903936
3932018505
3401642878
3891561002
3429347528
3425219294
3480448575
3387626501
3381289392
3336111112
3442081118
3927650295
3462885701
3398963931
3334837702
3471308408
3493869271
3928211863
3287020484
3202373115
3336833349
3356674600
3477521967
3473991997
3475870264
3713157945
3296142412
3476413998
3318012113
3482777190
3477103403
3289666950
3791033918
3467491358
3480595805
3398596848
3403469120
3397033904
3479215274
3894918813
3284614498
3662619098
3881451000
3394019507
3283881276
3337480265
3334667214
3337333261
3772318842
3475877154
3491083282
3480045098
330675456
3807898118
3314035812
3405231912
3271399636
3356826126
3406416689
3331533474
3473891190
3889216502
3911372987
3334025583
3351594293
3381255707
3479967380
3282404113
3934831751
3397231360
3890526980
3204025738
3398189216
3898979443
3423295048
3391886604
3387655628
3713084789
3920017976
3391594042
3494087462
3802889185
3402504013
3398950186
3450236346
3398878600
3493596576
3894635384
3491257358
3489821334
3473501217
3512878229
3791442323
3476444157
3426431204
3337064842
3348631547
3202980065
3896042089
3201935666
3203743673
3938463551
3283341179
3663109444
3489056129
3881294479
3497129545
3791232646
3478588689
3293889741
3501118896
3386960793
3337831745
3385618445
3885656069
3402531594
3791648958
3938652432
3426034203
3925249509
3387050932
3479379527
3920280225
3284221836
3206985601
3773827742
3456309960
3489128439
3392356531
3481177611
3926236397
3396312432
3279911221
3933008024
3478108204
3663179899
3357026534
3312882048
3668993642
3714378666
3802148887
3911763901
3496663964
3478418156
3349085554
3791391599
3493894968
3898832370
3515822165
3479791239
3200171139
3398280246
3492754743
3497282804
3488120658
3496093086
3407580773
3272423437
3332925870
3398187465
3334598224
3270819742
3249813226
3497869611
3478867134
3408673366
3493786493
3484710698
3388390128
3510990891
3701171971
3713893547
3479612725
3335349902
3492829376
3464202816
3388861387
3454545043
3889590996
3466030622
3408147158
3661235645
3332800874
3343071299
3283680920
3480678920
3294461475
3515285530
3458507832
3284242223
3926520795
3388759307
3475561707
3737345027
3355764982
3208267751
3341223423
3925524069
3391855946
3392698389
3405440603
3470151034
3290412920
3381128957
34642836276
3319355540
3404124108
3280051965
3496759882
3392387264
3917790808
3381094849
3277398093
3930507197
3333430904
3277113981
3489232878
3287825280
3923418905
3505745469
3930737431
3314888750
3331962437
3914583376
3479127106
3888188202
3421271270
3397511563
3713058973
3479898523
3408709929
3662944840
3272175888
3882421050
3381214008
3332946137
3479404939
