3427421899
3207967306
3533402283
3805927049
3397201600
3511621703
3450846663
3663375537
3773695804
3270414412
3487517561
3477613546
3479869200
3286512797
3428024077
3895114262
3397302625
3458157063
3280349373
3490881919
3406832112
3512878229
3441480208
3202980065
3335765558
3331042878
3285516768
3713564180
3472436204
3289390401
3297463254
3332202633
3398280246
3501454928
3883947215
3335783135
3281627025
3315431004
3334837702
3452988119
3296142412
3479215274
3664661566
3381628979
3402349932
3511847846
3934831751
3338957117
3334253785
3498339363
3335967042
3341658217
3494995874
3470854097
3292031019
3343169994
3273320985
3519422269
3934150180
3477587917
3420933880
3270839146
3246084766
3332925087
3665015769
3349857145
3392356531
3703110352
3388437920
3533158685
3398950186
3883859572
3517051126
3334724064
3392390100
3312882048
3486932068
3888760966
3492896303
3392796740
3773561328
3511760632
3293720492
3459434350
3285386394
3312721490
3209734550
3299185799
3339185540
3283137320
3331310626
3478131834
3286996924
3201949924
3477921287
3386523384
3397721182
3497480684
3349823841
3332531862
3280985099
3475150464
3662119453
3519964458
3474150248
3394460779
3921439841
3339288240
3496614964
3270717443
3895829841
3274694944
3204269722
3471817825
3315776670
3318272099
3313022871
3669353836
3881734983
3701400309
3478047342
3455825524
3311658783
3427640059
3398523163
3462318699
3382761952
3293362463
3776732286
3474683001
3471308408
3467491358
3345748765
3208798931
3298469279
3278399414
3402292993
3207639101
3356643363
3501374654
3287226121
3200603232
3245849444
3703419172
3662743866
3284221836
3391072891
3336109945
3898832370
3332880559
3406565376
3200834814
3471122439
3917211703
3497618547
3341527462
3395044696
3384375726
3273421065
3927636394
3475739759
3474378592
3924683809
3209107421
3920281197
3427974102
3298477160
3485172740
3512664614
3206059730
3477230551
3494057274
3391210496
3482800214
3668712822
3398946960
3479508191
3662522892
3486577966
3893180821
3209005358
3803115862
3460419090
3892452039
3661538730
3667128291
3313433146
3288092444
3338122228
3773266278
3925756613
3713177380
3385267445
3385000495
3397357967
3500381877
3486451886
3297791842
3489334759
33753993754
3387655628
3382089361
3285639778
3473633137
3461311637
3662266626
3486053683
3381930416
3289033807
3455930587
3925428384
3283680920
3204843067
3341223423
3274329840
3402234000
3402634909
3924025287
3534056404
3392347288
3450538775
3393392540
3701270654
3296445459
335493611
3465092239
3394541863
3451611441
3479812464
3498646609
